错误SQL语句：
SELECT
	gbryqd.BH AS ID,
	CSNY AS birthday,
	XW AS eduBkg,
	gbryqd.XM AS name,
	ZP AS photo,
	ZZMM AS politicalStatus,
	XB AS sex,
	MAX( grjl.QSSJ ) AS recentJobTransferDate, #从个人简历表里获取最近一次经历的时间，作为最近调度时间
	FLAG AS flag
FROM
	gbryqd
	LEFT JOIN grjl ON gbryqd.BH = grjl.BH 
WHERE
	gbryqd.BH in ()
GROUP BY
	ID
客户IP:127.0.0.1
时间 :2017-12-07 07:11:28

错误SQL语句：
SELECT
	gbryqd.BH AS ID,
	CSNY AS birthday,
	XW AS eduBkg,
	gbryqd.XM AS name,
	ZP AS photo,
	ZZMM AS politicalStatus,
	XB AS sex,
	MAX( grjl.QSSJ ) AS recentJobTransferDate, #从个人简历表里获取最近一次经历的时间，作为最近调度时间
	FLAG AS flag
FROM
	gbryqd
	LEFT JOIN grjl ON gbryqd.BH = grjl.BH 
WHERE
	gbryqd.BH in ()
GROUP BY
	ID
客户IP:127.0.0.1
时间 :2017-12-07 07:12:12

错误SQL语句：
SELECT
	gbryqd.BH AS ID,
	CSNY AS birthday,
	XW AS eduBkg,
	gbryqd.XM AS name,
	ZP AS photo,
	ZZMM AS politicalStatus,
	XB AS sex,
	MAX( grjl.QSSJ ) AS recentJobTransferDate, #从个人简历表里获取最近一次经历的时间，作为最近调度时间
	FLAG AS flag
FROM
	gbryqd
	LEFT JOIN grjl ON gbryqd.BH = grjl.BH
	LEFT JOIN bmzw ON gbryqd.BH = bmzw.zw_PersonID
WHERE
	gbryqd.BH in (742,630,791,608,611,97,628,1036,663,1043,35,511,96,40,875,887,324,4,383,760,1021,1044,274,72,876,397,115,484,591,731,75,323,1009,244,970,37,843,993,753,768,385,834,722,574,122,395,904,284,356,953,570,605,94,443,545,76,885,638,337,880,22,666,560,494,741,264,537,175,769,920,814,421,515,938,188,185,986,381,469,1015,910,28,495,308,357,493,271,38,69,566,571,788,733,358,782,113,1019,1047,374,1003,828,667,942,304,232,1057,234,593,872,1022,351,210,101,873,187,926,700,156,668,112,710,950,209,702,159,182,798,687,456,995,84,178,1038,553,759,661,409,590,293,16,698,427,442,757,483,157,449,276,983,344,1005,433,948,359,806,510,247,64,1059,314,83,27,333,808,551,829,1049,865,256,523,572,128,724,348,1033,15,613,812,870,952,928,979,7,951,838,604,253,557,13,392,229,407,897,989,63,794,631,327,198,424,107,734,192,567,923,930,922,147,265,1002,30,364,91,985,14,878,355,649,354,882,446,225,181,781,349,701,415,370,490,678,800,822,924,325,212,516,143,5,463,90,25,626,1027,184,746,196,777,36,153,787,474,68,929,974,144,906,190,621,863,903,635,89,874,93,67,340,713,316,87,954,558,610,561,347,1054,166,313,417,1007,819,24,763,936,169,654,177,792,242,754,176,719,470,884,404,941,639,1061,486,426,280,102,725,805,864,12,100,160,218,607,775,676,46,440,535,556,852,399,960,596,231,453,62,300,682,129,559,901,53,632,163,430,86,49,704,437,1062,342,917,436,832,705,1016,261,568,657,862,915,155,482,783,350,1039,8,378,402,1063,1011,975,833,275,214,772,298,968,721,869,755,1064,332,786,818,773,454,694,401,582,1060,42,422,51,944,658,534,418,206,932,547,847,779,653,614,309,228,114,48,389,286,606,334,367,691,66,223,149,697,464,524,801,652,1065,585,111,1066,654,233,696,1032,825,311,971,164,617,820,268,689,82,368,674,472,709,715,645,28,319,99,509,892,517,913,321,539,866,681,939,809,281,728,61,756,549,20,692,650,543,452,106,372,984,303,241,497,445,379,305,194,270,842,18,569,530,849,410,712,891,576,914,74,60,988,528,408,1026,603,312,879,2,3,384,236,1067,841,1004,109,431,916,1068,738,750,193,292,462,856,514,318,326,744,498,124,761,749,601,526,145,240,797,478,752,943,1006,200,339,47,394,213,428,919,150,140,699,580,50,577,201,238,706,216,1013,259,595,180,502,287,310,451,810,790,1058,1052,335,468,336,899,740,1010,677,58,459,1029,9,413,260,365,6,802,669,795,329,466,92,586,562,550,840,679,976,1042,982,956,618,110,1055,898,288,685,195,836,644,81,758,21,346,269,660,785,207,1000,525,283,642,1025,804,19,918,32,1051,315,382,673,199,447,416,393,457,726,723,620,683,540,1048,306,680,121,65,519,625,205,959,520,636,221,851,71,1030,1040,933,411,343,640,1034,391,998,615,248,770,837,31,513,366,980,886,597,183,548,521,490,138,219,282,767,307,839,39,476,1070,1071,419,854,489,737,44,629,1072,565,480,807,690,57,895,853,505,945,104,860,434,1017,643,425,858,718,512,978,739,279,861,162,373,845,353,377,438,330,1073,461,322,485,439,815,56,850,659,257,881,902,1074,1065,602,894,290,146,536,165,821,1075,868,964,848,1028,735,599,406,403,251,637,671,997,197,1076,215,80,400,589,120,338,26,98,245,784,1077,217,967,320,955,803,297,386,592,1078,277,961,243,799,45,992,890,171,52,117,504,362,458,973,88,387,1053,108,487,533,299,412,529,747,151,1020,651,95,532,255,588,444,460,541)
GROUP BY
	ID
客户IP:127.0.0.1
时间 :2017-12-07 12:48:41

错误SQL语句：
SELECT
	gbryqd.BH AS ID,
	CSNY AS birthday,
	XW AS eduBkg,
	gbryqd.XM AS name,
	ZP AS photo,
	ZZMM AS politicalStatus,
	XB AS sex,
	MAX( grjl.QSSJ ) AS recentJobTransferDate, #从个人简历表里获取最近一次经历的时间，作为最近调度时间
	FLAG AS flag
FROM
	gbryqd
	LEFT JOIN grjl ON gbryqd.BH = grjl.BH
	LEFT JOIN bmzw ON gbryqd.BH = bmzw.zw_PersonID
WHERE
	gbryqd.BH in (742,630,791,608,611,97,628,1036,663,1043,35,511,96,40,875,887,324,4,383,760,1021,1044,274,72,876,397,115,484,591,731,75,323,1009,244,970,37,843,993,753,768,385,834,722,574,122,395,904,284,356,953,570,605,94,443,545,76,885,638,337,880,22,666,560,494,741,264,537,175,769,920,814,421,515,938,188,185,986,381,469,1015,910,28,495,308,357,493,271,38,69,566,571,788,733,358,782,113,1019,1047,374,1003,828,667,942,304,232,1057,234,593,872,1022,351,210,101,873,187,926,700,156,668,112,710,950,209,702,159,182,798,687,456,995,84,178,1038,553,759,661,409,590,293,16,698,427,442,757,483,157,449,276,983,344,1005,433,948,359,806,510,247,64,1059,314,83,27,333,808,551,829,1049,865,256,523,572,128,724,348,1033,15,613,812,870,952,928,979,7,951,838,604,253,557,13,392,229,407,897,989,63,794,631,327,198,424,107,734,192,567,923,930,922,147,265,1002,30,364,91,985,14,878,355,649,354,882,446,225,181,781,349,701,415,370,490,678,800,822,924,325,212,516,143,5,463,90,25,626,1027,184,746,196,777,36,153,787,474,68,929,974,144,906,190,621,863,903,635,89,874,93,67,340,713,316,87,954,558,610,561,347,1054,166,313,417,1007,819,24,763,936,169,654,177,792,242,754,176,719,470,884,404,941,639,1061,486,426,280,102,725,805,864,12,100,160,218,607,775,676,46,440,535,556,852,399,960,596,231,453,62,300,682,129,559,901,53,632,163,430,86,49,704,437,1062,342,917,436,832,705,1016,261,568,657,862,915,155,482,783,350,1039,8,378,402,1063,1011,975,833,275,214,772,298,968,721,869,755,1064,332,786,818,773,454,694,401,582,1060,42,422,51,944,658,534,418,206,932,547,847,779,653,614,309,228,114,48,389,286,606,334,367,691,66,223,149,697,464,524,801,652,1065,585,111,1066,654,233,696,1032,825,311,971,164,617,820,268,689,82,368,674,472,709,715,645,28,319,99,509,892,517,913,321,539,866,681,939,809,281,728,61,756,549,20,692,650,543,452,106,372,984,303,241,497,445,379,305,194,270,842,18,569,530,849,410,712,891,576,914,74,60,988,528,408,1026,603,312,879,2,3,384,236,1067,841,1004,109,431,916,1068,738,750,193,292,462,856,514,318,326,744,498,124,761,749,601,526,145,240,797,478,752,943,1006,200,339,47,394,213,428,919,150,140,699,580,50,577,201,238,706,216,1013,259,595,180,502,287,310,451,810,790,1058,1052,335,468,336,899,740,1010,677,58,459,1029,9,413,260,365,6,802,669,795,329,466,92,586,562,550,840,679,976,1042,982,956,618,110,1055,898,288,685,195,836,644,81,758,21,346,269,660,785,207,1000,525,283,642,1025,804,19,918,32,1051,315,382,673,199,447,416,393,457,726,723,620,683,540,1048,306,680,121,65,519,625,205,959,520,636,221,851,71,1030,1040,933,411,343,640,1034,391,998,615,248,770,837,31,513,366,980,886,597,183,548,521,490,138,219,282,767,307,839,39,476,1070,1071,419,854,489,737,44,629,1072,565,480,807,690,57,895,853,505,945,104,860,434,1017,643,425,858,718,512,978,739,279,861,162,373,845,353,377,438,330,1073,461,322,485,439,815,56,850,659,257,881,902,1074,1065,602,894,290,146,536,165,821,1075,868,964,848,1028,735,599,406,403,251,637,671,997,197,1076,215,80,400,589,120,338,26,98,245,784,1077,217,967,320,955,803,297,386,592,1078,277,961,243,799,45,992,890,171,52,117,504,362,458,973,88,387,1053,108,487,533,299,412,529,747,151,1020,651,95,532,255,588,444,460,541)
GROUP BY
	ID
客户IP:127.0.0.1
时间 :2017-12-07 12:49:25

