错误SQL语句：
SELECT * FROM gbryqd WHERE BH in (Array)
客户IP:127.0.0.1
时间 :2017-12-02 07:36:30

错误SQL语句：
SELECT * FROM gbryqd WHERE BH in ()
客户IP:127.0.0.1
时间 :2017-12-02 07:38:31

错误SQL语句：
SELECT * FROM gbryqd WHERE BH in ()
客户IP:127.0.0.1
时间 :2017-12-02 07:39:10

错误SQL语句：
SELECT * FROM gbryqd WHERE BH in ()
客户IP:127.0.0.1
时间 :2017-12-02 07:39:24

错误SQL语句：
SELECT * FROM gbryqd WHERE BH in ()
客户IP:127.0.0.1
时间 :2017-12-02 07:39:41

SQL语句错误

客户IP:127.0.0.1
时间 :2017-12-02 08:55:50

SQL语句错误

客户IP:127.0.0.1
时间 :2017-12-02 08:55:50

错误SQL语句：
SELECT 
  BH as ID,
  CSNY as birthday,
  XW as eduBkg,
  XRZW as job,
  XM as name,
  ZP as photo,
  ZZMM as politicalStatus,
  XB as sex,
FROM gbryqd 
WHERE BH in (1,2,3,4,5)
客户IP:127.0.0.1
时间 :2017-12-02 19:17:32

错误SQL语句：
SELECT 
  BH as ID,
  CSNY as birthday,
  XW as eduBkg,
  XRZW as job,
  XM as name,
  ZP as photo,
  ZZMM as politicalStatus,
  XB as sex
FROM gbryqd 
WHERE BH in ()
客户IP:127.0.0.1
时间 :2017-12-02 19:58:58

错误SQL语句：
SELECT 
  BH as ID,
  CSNY as birthday,
  XW as eduBkg,
  XRZW as job,
  XM as name,
  ZP as photo,
  ZZMM as politicalStatus,
  XB as sex
FROM gbryqd 
WHERE BH in ()
客户IP:127.0.0.1
时间 :2017-12-02 19:59:30

错误SQL语句：
SELECT 
  BH as ID,
  CSNY as birthday,
  XW as eduBkg,
  XRZW as job,
  XM as name,
  ZP as photo,
  ZZMM as politicalStatus,
  XB as sex
FROM gbryqd 
WHERE BH in ()
客户IP:127.0.0.1
时间 :2017-12-02 19:59:55

错误SQL语句：
SELECT 
  BH as ID,
  CSNY as birthday,
  XW as eduBkg,
  XRZW as job,
  XM as name,
  ZP as photo,
  ZZMM as politicalStatus,
  XB as sex
FROM gbryqd 
WHERE BH in ()
客户IP:127.0.0.1
时间 :2017-12-02 20:00:06

错误SQL语句：
SELECT 
  BH as ID,
  CSNY as birthday,
  XW as eduBkg,
  XRZW as job,
  XM as name,
  ZP as photo,
  ZZMM as politicalStatus,
  XB as sex
FROM gbryqd 
WHERE BH in ()
客户IP:127.0.0.1
时间 :2017-12-02 20:00:42

错误SQL语句：
SELECT 
  BH as ID,
  CSNY as birthday,
  XW as eduBkg,
  XRZW as job,
  XM as name,
  ZP as photo,
  ZZMM as politicalStatus,
  XB as sex
FROM gbryqd 
WHERE BH in (663,664,665,666,664,,667,668,669,669,671,673,672,670,,674,,,675,676,677,678,676,,679,680,681,681,683,685,684,682,686,687,,,688,689,690,691,689,,692,693,694,,696,698,697,695,,,,,700,701,702,703,701,,704,705,706,706,709,710,708,707,711,712,,,721,722,723,724,722,,725,726,727,727,729,731,730,728,732,733,,,735,736,737,738,736,,739,740,741,741,743,745,744,742,,746,,,748,749,750,751,749,,752,753,754,754,756,758,757,755,759,760,,,768,769,770,771,769,,772,773,774,774,776,778,777,775,779,780,,,787,788,789,790,788,,791,792,793,793,795,797,796,794,798,799,,,,804,805,806,807,804,808,809,810,815,812,814,813,811,816,817,,,827,828,829,830,828,,831,832,833,833,835,837,836,834,,838,,,840,841,842,843,841,,844,845,846,852,848,850,849,847,,851,,,853,854,855,856,854,,857,858,859,859,861,863,,860,864,865,,,874,875,876,877,875,,878,879,880,880,882,884,,881,885,886,,,899,900,901,902,900,,903,904,,911,906,908,907,905,909,910,,,920,921,922,923,921,,924,925,926,926,928,930,929,927,931,932,,,941,,943,944,942,,946,,,957,949,951,950,948,955,956,,,968,,970,971,969,,972,973,974,974,977,978,976,975,980,981,,,989,990,991,992,,,993,994,995,1000,997,999,998,996,,1001,,,1008,,1010,1011,1009,,1012,1013,1014,1014,1016,1018,1017,1015,,1019,,,1022,,1034,1025,1035,,1027,1036,1037,1042,,1029,1039,1038,1040,1041,,,1,2,3,6,7,8,9,2,12,13,461,14,15,16,17,18,19,20,21,22,23,24,25,26,27,28,30,30,31,32,33,34,35,36,37,38,4,5,41,42,46,48,49,50,51,52,53,54,56,57,63,65,158,265,280,345,378,399,458,459,522,525,559,593,630,643,1027,1028,58,106,196,58,61,66,67,70,74,75,68,69,70,69,71,76,76,82,83,84,86,87,89,90,91,92,93,95,96,99,100,101,102,106,107,108,109,113,114,118,119,120,123,122,124,125,130,131,132,133,135,136,138,139,140,144,146,145,147,149,155,156,159,157,162,163,164,165,155,170,171,172,175,176,177,178,179,184,185,186,188,184,185,196,197,198,199,200,201,211,212,213,215,216,224,225,226,229,230,231,232,233,234,240,241,242,243,245,244,246,247,251,253,252,254,255,256,257,259,261,261,263,262,263,264,266,268,269,275,276,277,278,279,286,287,288,290,289,297,298,299,301,300,306,307,308,311,312,307,309,310,319,319,318,320,321,322,323,324,324,325,326,327,328,329,330,331,332,333,334,335,336,337,338,339,340,342,343,344,349,350,351,352,353,355,349,351,352,354,361,362,363,365,370,371,372,373,374,375,377,389,389,390,393,391,392,394,395,396,397,398,403,405,406,408,409,410,425,426,427,428,429,415,416,417,419,418,433,434,436,437,435,441,442,443,444,445,446,447,448,449,441,443,445,446,460,461,462,463,464,465,466,467,468,469,470,471,472,473,474,475,476,477,478,479,480,496,497,498,499,500,941,502,503,504,505,506,507,508,509,510,513,514,516,515,517,518,519,520,578,579,527,529,530,531,532,539,540,541,543,544,542,552,553,554,555,557,558,565,566,567,568,569,570,571,575,576,577,580,581,582,580,582,585,584,586,590,595,591,592,594,596,597,598,595,596,601,599,602,600,603,604,605,608,609,610,611,612,624,625,626,627,638,639,640,641,642,643,644,645,646,654,655,656,657,1022,1023,1024,1025,1026,1029,1030,1031,1033,1025,1029)
客户IP:127.0.0.1
时间 :2017-12-02 20:01:40

错误SQL语句：
SELECT 
  BH as ID,
  CSNY as birthday,
  XW as eduBkg,
  XRZW as job,
  XM as name,
  ZP as photo,
  ZZMM as politicalStatus,
  XB as sex
FROM gbryqd 
WHERE BH in (663,664,665,666,664,,667,668,669,669,671,673,672,670,,674,,,675,676,677,678,676,,679,680,681,681,683,685,684,682,686,687,,,688,689,690,691,689,,692,693,694,,696,698,697,695,,,,,700,701,702,703,701,,704,705,706,706,709,710,708,707,711,712,,,721,722,723,724,722,,725,726,727,727,729,731,730,728,732,733,,,735,736,737,738,736,,739,740,741,741,743,745,744,742,,746,,,748,749,750,751,749,,752,753,754,754,756,758,757,755,759,760,,,768,769,770,771,769,,772,773,774,774,776,778,777,775,779,780,,,787,788,789,790,788,,791,792,793,793,795,797,796,794,798,799,,,,804,805,806,807,804,808,809,810,815,812,814,813,811,816,817,,,827,828,829,830,828,,831,832,833,833,835,837,836,834,,838,,,840,841,842,843,841,,844,845,846,852,848,850,849,847,,851,,,853,854,855,856,854,,857,858,859,859,861,863,,860,864,865,,,874,875,876,877,875,,878,879,880,880,882,884,,881,885,886,,,899,900,901,902,900,,903,904,,911,906,908,907,905,909,910,,,920,921,922,923,921,,924,925,926,926,928,930,929,927,931,932,,,941,,943,944,942,,946,,,957,949,951,950,948,955,956,,,968,,970,971,969,,972,973,974,974,977,978,976,975,980,981,,,989,990,991,992,,,993,994,995,1000,997,999,998,996,,1001,,,1008,,1010,1011,1009,,1012,1013,1014,1014,1016,1018,1017,1015,,1019,,,1022,,1034,1025,1035,,1027,1036,1037,1042,,1029,1039,1038,1040,1041,,,1,2,3,6,7,8,9,2,12,13,461,14,15,16,17,18,19,20,21,22,23,24,25,26,27,28,30,30,31,32,33,34,35,36,37,38,4,5,41,42,46,48,49,50,51,52,53,54,56,57,63,65,158,265,280,345,378,399,458,459,522,525,559,593,630,643,1027,1028,58,106,196,58,61,66,67,70,74,75,68,69,70,69,71,76,76,82,83,84,86,87,89,90,91,92,93,95,96,99,100,101,102,106,107,108,109,113,114,118,119,120,123,122,124,125,130,131,132,133,135,136,138,139,140,144,146,145,147,149,155,156,159,157,162,163,164,165,155,170,171,172,175,176,177,178,179,184,185,186,188,184,185,196,197,198,199,200,201,211,212,213,215,216,224,225,226,229,230,231,232,233,234,240,241,242,243,245,244,246,247,251,253,252,254,255,256,257,259,261,261,263,262,263,264,266,268,269,275,276,277,278,279,286,287,288,290,289,297,298,299,301,300,306,307,308,311,312,307,309,310,319,319,318,320,321,322,323,324,324,325,326,327,328,329,330,331,332,333,334,335,336,337,338,339,340,342,343,344,349,350,351,352,353,355,349,351,352,354,361,362,363,365,370,371,372,373,374,375,377,389,389,390,393,391,392,394,395,396,397,398,403,405,406,408,409,410,425,426,427,428,429,415,416,417,419,418,433,434,436,437,435,441,442,443,444,445,446,447,448,449,441,443,445,446,460,461,462,463,464,465,466,467,468,469,470,471,472,473,474,475,476,477,478,479,480,496,497,498,499,500,941,502,503,504,505,506,507,508,509,510,513,514,516,515,517,518,519,520,578,579,527,529,530,531,532,539,540,541,543,544,542,552,553,554,555,557,558,565,566,567,568,569,570,571,575,576,577,580,581,582,580,582,585,584,586,590,595,591,592,594,596,597,598,595,596,601,599,602,600,603,604,605,608,609,610,611,612,624,625,626,627,638,639,640,641,642,643,644,645,646,654,655,656,657,1022,1023,1024,1025,1026,1029,1030,1031,1033,1025,1029)
客户IP:127.0.0.1
时间 :2017-12-02 20:02:02

错误SQL语句：
SELECT 
  BH as ID,
  CSNY as birthday,
  XW as eduBkg,
  XRZW as job,
  XM as name,
  ZP as photo,
  ZZMM as politicalStatus,
  XB as sex
FROM gbryqd 
WHERE BH in ()
客户IP:127.0.0.1
时间 :2017-12-02 20:02:19

错误SQL语句：
SELECT 
  BH as ID,
  CSNY as birthday,
  XW as eduBkg,
  XRZW as job,
  XM as name,
  ZP as photo,
  ZZMM as politicalStatus,
  XB as sex
FROM gbryqd 
WHERE BH in ()
客户IP:127.0.0.1
时间 :2017-12-02 20:02:19

错误SQL语句：
SELECT 
  BH as ID,
  CSNY as birthday,
  XW as eduBkg,
  XRZW as job,
  XM as name,
  ZP as photo,
  ZZMM as politicalStatus,
  XB as sex
FROM gbryqd 
WHERE BH in ()
客户IP:127.0.0.1
时间 :2017-12-02 20:03:28

错误SQL语句：
SELECT 
  BH as ID,
  CSNY as birthday,
  XW as eduBkg,
  XRZW as job,
  XM as name,
  ZP as photo,
  ZZMM as politicalStatus,
  XB as sex
FROM gbryqd 
WHERE BH in ()
客户IP:127.0.0.1
时间 :2017-12-02 20:03:28

错误SQL语句：
SELECT 
  BH as ID,
  CSNY as birthday,
  XW as eduBkg,
  XRZW as job,
  XM as name,
  ZP as photo,
  ZZMM as politicalStatus,
  XB as sex
FROM gbryqd 
WHERE BH in ()
客户IP:127.0.0.1
时间 :2017-12-02 20:03:49

错误SQL语句：
SELECT 
  BH as ID,
  CSNY as birthday,
  XW as eduBkg,
  XRZW as job,
  XM as name,
  ZP as photo,
  ZZMM as politicalStatus,
  XB as sex
FROM gbryqd 
WHERE BH in ()
客户IP:127.0.0.1
时间 :2017-12-02 20:03:50

错误SQL语句：
SELECT 
  BH as ID,
  CSNY as birthday,
  XW as eduBkg,
  XRZW as job,
  XM as name,
  ZP as photo,
  ZZMM as politicalStatus,
  XB as sex
FROM gbryqd 
WHERE BH in (663,664,665,666,664,,667,668,669,669,671,673,672,670,,674,,,675,676,677,678,676,,679,680,681,681,683,685,684,682,686,687,,,688,689,690,691,689,,692,693,694,,696,698,697,695,,,,,700,701,702,703,701,,704,705,706,706,709,710,708,707,711,712,,,721,722,723,724,722,,725,726,727,727,729,731,730,728,732,733,,,735,736,737,738,736,,739,740,741,741,743,745,744,742,,746,,,748,749,750,751,749,,752,753,754,754,756,758,757,755,759,760,,,768,769,770,771,769,,772,773,774,774,776,778,777,775,779,780,,,787,788,789,790,788,,791,792,793,793,795,797,796,794,798,799,,,,804,805,806,807,804,808,809,810,815,812,814,813,811,816,817,,,827,828,829,830,828,,831,832,833,833,835,837,836,834,,838,,,840,841,842,843,841,,844,845,846,852,848,850,849,847,,851,,,853,854,855,856,854,,857,858,859,859,861,863,,860,864,865,,,874,875,876,877,875,,878,879,880,880,882,884,,881,885,886,,,899,900,901,902,900,,903,904,,911,906,908,907,905,909,910,,,920,921,922,923,921,,924,925,926,926,928,930,929,927,931,932,,,941,,943,944,942,,946,,,957,949,951,950,948,955,956,,,968,,970,971,969,,972,973,974,974,977,978,976,975,980,981,,,989,990,991,992,,,993,994,995,1000,997,999,998,996,,1001,,,1008,,1010,1011,1009,,1012,1013,1014,1014,1016,1018,1017,1015,,1019,,,1022,,1034,1025,1035,,1027,1036,1037,1042,,1029,1039,1038,1040,1041,,,1,2,3,6,7,8,9,2,12,13,461,14,15,16,17,18,19,20,21,22,23,24,25,26,27,28,30,30,31,32,33,34,35,36,37,38,4,5,41,42,46,48,49,50,51,52,53,54,56,57,63,65,158,265,280,345,378,399,458,459,522,525,559,593,630,643,1027,1028,58,106,196,58,61,66,67,70,74,75,68,69,70,69,71,76,76,82,83,84,86,87,89,90,91,92,93,95,96,99,100,101,102,106,107,108,109,113,114,118,119,120,123,122,124,125,130,131,132,133,135,136,138,139,140,144,146,145,147,149,155,156,159,157,162,163,164,165,155,170,171,172,175,176,177,178,179,184,185,186,188,184,185,196,197,198,199,200,201,211,212,213,215,216,224,225,226,229,230,231,232,233,234,240,241,242,243,245,244,246,247,251,253,252,254,255,256,257,259,261,261,263,262,263,264,266,268,269,275,276,277,278,279,286,287,288,290,289,297,298,299,301,300,306,307,308,311,312,307,309,310,319,319,318,320,321,322,323,324,324,325,326,327,328,329,330,331,332,333,334,335,336,337,338,339,340,342,343,344,349,350,351,352,353,355,349,351,352,354,361,362,363,365,370,371,372,373,374,375,377,389,389,390,393,391,392,394,395,396,397,398,403,405,406,408,409,410,425,426,427,428,429,415,416,417,419,418,433,434,436,437,435,441,442,443,444,445,446,447,448,449,441,443,445,446,460,461,462,463,464,465,466,467,468,469,470,471,472,473,474,475,476,477,478,479,480,496,497,498,499,500,941,502,503,504,505,506,507,508,509,510,513,514,516,515,517,518,519,520,578,579,527,529,530,531,532,539,540,541,543,544,542,552,553,554,555,557,558,565,566,567,568,569,570,571,575,576,577,580,581,582,580,582,585,584,586,590,595,591,592,594,596,597,598,595,596,601,599,602,600,603,604,605,608,609,610,611,612,624,625,626,627,638,639,640,641,642,643,644,645,646,654,655,656,657,1022,1023,1024,1025,1026,1029,1030,1031,1033,1025,1029)
客户IP:127.0.0.1
时间 :2017-12-02 20:05:47

